Ha_1.jpg 1 114 96 213 94
Ha_10.jpg 1 308 155 112 43
Ha_100.jpg 1 326 148 109 45
Ha_11.jpg 1 291 140 97 40
Ha_12.jpg 1 284 136 126 45
Ha_13.jpg 1 187 164 105 38
Ha_14.jpg 1 150 164 130 63
Ha_15.jpg 1 62 126 89 59
Ha_16.jpg 1 298 150 163 65
Ha_17.jpg 1 258 141 125 52
Ha_18.jpg 1 65 148 148 66
Ha_19.jpg 1 155 227 116 46
Ha_2.jpg 1 28 126 108 60
Ha_20.jpg 1 176 186 146 60
Ha_21.jpg 1 117 166 113 56
Ha_22.jpg 1 34 144 111 61
Ha_23.jpg 1 292 194 86 50
Ha_24.jpg 1 65 134 111 57
Ha_25.jpg 1 47 106 94 61
Ha_26.jpg 1 71 153 96 48
Ha_27.jpg 1 349 169 84 35
Ha_28.jpg 1 303 160 95 35
Ha_29.jpg 1 139 159 164 67
Ha_3.jpg 1 27 100 199 128
Ha_30.jpg 1 261 173 125 48
Ha_31.jpg 1 36 145 107 53
Ha_32.jpg 1 241 146 131 45
Ha_33.jpg 1 332 144 119 43
Ha_34.jpg 1 36 108 120 78
Ha_35.jpg 1 121 153 172 64
Ha_36.jpg 1 189 212 72 41
Ha_37.jpg 1 270 166 119 45
Ha_38.jpg 1 316 169 87 40
Ha_39.jpg 1 121 163 117 56
Ha_4.jpg 1 271 178 117 47
Ha_40.jpg 1 359 160 109 48
Ha_41.jpg 1 370 197 102 47
Ha_42.jpg 1 356 179 82 35
Ha_43.jpg 1 52 106 195 116
Ha_44.jpg 1 179 156 147 73
Ha_45.jpg 1 12 137 84 53
Ha_46.jpg 1 172 89 109 87
Ha_5.jpg 1 96 110 56 41
Ha_50.jpg 1 131 201 183 72
Ha_51.jpg 1 352 139 104 40
Ha_52.jpg 1 47 101 71 51
Ha_53.jpg 1 363 172 64 47
Ha_54.jpg 1 258 151 112 41
Ha_55.jpg 1 101 85 55 47
Ha_56.jpg 1 295 159 110 32
Ha_57.jpg 1 175 185 145 62
Ha_58.jpg 1 297 187 80 57
Ha_59.jpg 1 40 207 123 63
Ha_6.jpg 1 166 185 110 43
Ha_60.jpg 1 100 144 196 70
Ha_61.jpg 1 185 141 121 51
Ha_62.jpg 1 71 162 105 68
Ha_63.jpg 1 46 135 100 51
Ha_64.jpg 1 269 131 126 42
Ha_65.jpg 1 50 190 106 44
Ha_66.jpg 1 95 155 115 55
Ha_67.jpg 1 81 165 99 53
Ha_68.jpg 1 33 127 108 67
Ha_69.jpg 1 11 104 75 52
Ha_7.jpg 1 142 194 157 69
Ha_70.jpg 1 355 139 102 37
Ha_71.jpg 1 183 198 133 57
Ha_72.jpg 1 23 139 69 49
Ha_73.jpg 1 27 142 96 46
Ha_74.jpg 1 138 109 209 63
Ha_75.jpg 1 247 164 119 44
Ha_76.jpg 1 38 179 94 53
Ha_77.jpg 1 58 123 115 65
Ha_78.jpg 1 354 207 90 48
Ha_79.jpg 1 59 144 67 34
Ha_8.jpg 1 154 183 109 44
Ha_80.jpg 1 348 194 108 39
Ha_81.jpg 1 38 136 79 47
Ha_82.jpg 1 173 187 129 59
Ha_83.jpg 1 315 181 104 47
Ha_84.jpg 1 92 125 264 58
Ha_85.jpg 1 180 135 107 45
Ha_86.jpg 1 346 182 113 43
Ha_87.jpg 1 26 112 93 42
Ha_88.jpg 1 296 154 127 51
Ha_89.jpg 1 159 187 143 59
Ha_9.jpg 1 83 199 152 60
Ha_90.jpg 1 267 116 120 45
Ha_91.jpg 1 105 186 116 55
Ha_92.jpg 1 18 114 95 46
Ha_93.jpg 1 168 147 138 60
Ha_94.jpg 1 149 177 172 77
Ha_95.jpg 1 192 213 115 53
Ha_96.jpg 1 64 147 147 72
Ha_97.jpg 1 370 130 89 48
Ha_98.jpg 1 72 125 88 46
Ha_99.jpg 1 359 135 94 32
