TT_01.jpg 1 287 86 165 83
TT_02.jpg 1 309 161 103 40
TT_03.jpg 1 338 161 106 50
TT_04.jpg 1 71 137 119 73
TT_05.jpg 1 270 102 171 106
TT_06.jpg 1 7 136 112 75
TT_07.jpg 1 194 61 93 60
TT_08.jpg 1 51 208 73 55
TT_09.jpg 1 72 132 136 77
TT_10.jpg 1 331 188 92 34
TT_100.jpg 1 21 193 78 66
TT_11.jpg 1 346 156 81 40
TT_12.jpg 1 142 179 88 42
TT_13.jpg 1 76 156 101 44
TT_14.jpg 1 270 167 97 36
TT_15.jpg 1 16 172 146 73
TT_16.jpg 1 264 188 85 36
TT_17.jpg 1 99 185 109 49
TT_18.jpg 1 26 103 158 105
TT_19.jpg 1 144 128 79 41
TT_20.jpg 1 352 169 86 41
TT_21.jpg 1 283 164 114 47
TT_22.jpg 1 303 174 118 49
TT_23.jpg 1 297 185 105 42
TT_24.jpg 1 308 143 98 75
TT_25.jpg 1 126 137 122 56
TT_26.jpg 1 58 124 131 56
TT_27.jpg 1 36 200 173 61
TT_28.jpg 1 297 106 109 58
TT_29.jpg 1 31 174 73 61
TT_30.jpg 1 38 139 95 53
TT_31.jpg 1 52 151 59 37
TT_32.jpg 1 250 104 101 34
TT_33.jpg 1 39 139 113 66
TT_34.jpg 1 87 213 127 54
TT_35.jpg 1 58 180 80 66
TT_36.jpg 1 326 157 81 36
TT_37.jpg 1 89 180 88 47
TT_38.jpg 1 100 118 142 88
TT_39.jpg 1 79 140 168 79
TT_40.jpg 1 49 127 90 57
TT_41.jpg 1 306 168 80 32
TT_42.jpg 1 286 147 184 78
TT_43.jpg 1 277 160 99 42
TT_44.jpg 1 270 175 121 45
TT_45.jpg 1 302 159 147 56
TT_46.jpg 1 64 146 82 54
TT_47.jpg 1 97 159 134 87
TT_48.jpg 1 58 155 141 46
TT_49.jpg 1 65 132 97 68
TT_50.jpg 1 333 128 110 48
TT_51.jpg 1 352 190 107 47
TT_52.jpg 1 70 205 142 70
TT_53.jpg 1 273 171 97 45
TT_54.jpg 1 37 127 121 59
TT_55.jpg 1 249 208 109 45
TT_56.jpg 1 257 176 116 45
TT_57.jpg 1 234 163 115 42
TT_58.jpg 1 72 152 83 45
TT_59.jpg 1 126 147 107 43
TT_60.jpg 1 26 165 91 56
TT_61.jpg 1 43 178 64 58
TT_62.jpg 1 118 159 137 48
TT_63.jpg 1 207 218 103 39
TT_64.jpg 1 343 193 109 46
TT_65.jpg 1 139 206 59 56
TT_66.jpg 1 288 134 147 65
TT_67.jpg 1 306 124 131 40
TT_68.jpg 1 30 190 72 44
TT_69.jpg 1 158 181 55 54
TT_70.jpg 1 183 155 102 43
TT_71.jpg 1 372 204 93 43
TT_72.jpg 1 52 136 136 99
TT_73.jpg 1 340 163 112 47
TT_74.jpg 1 360 170 112 57
TT_75.jpg 1 372 232 80 48
TT_76.jpg 1 2 191 82 63
TT_77.jpg 1 33 144 94 64
TT_78.jpg 1 205 125 180 89
TT_79.jpg 1 379 147 86 42
TT_80.jpg 1 268 143 98 43
TT_81.jpg 1 17 198 92 64
TT_82.jpg 1 27 141 94 65
TT_83.jpg 1 307 227 104 48
TT_84.jpg 1 31 158 88 67
TT_85.jpg 1 54 198 110 50
TT_86.jpg 1 24 134 103 50
TT_87.jpg 1 122 189 120 47
TT_88.jpg 1 347 173 115 58
TT_89.jpg 1 30 125 113 59
TT_90.jpg 1 266 138 125 45
TT_91.jpg 1 15 111 146 58
TT_92.jpg 1 348 177 109 54
TT_93.jpg 1 59 147 115 64
TT_94.jpg 1 47 170 92 55
TT_95.jpg 1 0 167 101 67
TT_96.jpg 1 193 141 179 65
TT_97.jpg 1 179 179 97 46
TT_98.jpg 1 127 204 115 61
TT_99.jpg 1 305 131 147 61
