Quy_01.jpg 1 53 193 105 74
Quy_02.jpg 1 62 215 90 58
Quy_03.jpg 1 79 98 92 60
Quy_04.jpg 1 65 165 59 54
Quy_05.jpg 1 30 163 45 69
Quy_06.jpg 1 32 153 54 64
Quy_07.jpg 1 155 176 68 62
Quy_08.jpg 1 165 142 71 72
Quy_09.jpg 1 99 108 41 31
Quy_10.jpg 1 28 232 143 100
Quy_11.jpg 1 58 0 81 51
Quy_12.jpg 1 63 178 94 74
Quy_13.jpg 1 73 188 89 67
Quy_14.jpg 1 148 164 80 83
Quy_15.jpg 1 182 149 65 90
Quy_16.jpg 1 6 184 52 73
Quy_17.jpg 1 75 169 56 60
Quy_18.jpg 1 60 93 95 65
Quy_19.jpg 1 99 141 42 34
Quy_20.jpg 1 104 3 45 33
Quy_21.jpg 1 94 288 32 29
Quy_22.jpg 1 83 268 62 60
Quy_23.jpg 1 73 150 117 90
Quy_24.jpg 1 103 111 78 62
Quy_25.jpg 1 98 98 55 47
Quy_26.jpg 1 64 265 98 69
Quy_27.jpg 1 96 0 60 46
Quy_28.jpg 1 161 114 54 58
Quy_29.jpg 1 192 86 47 75
Quy_30.jpg 1 50 176 62 59
Quy_31.jpg 1 27 173 43 73
Quy_32.jpg 1 67 280 88 55
